td_0_string=_
td_0_data=314.000000 121.000000 1 0 1 0 0.600000 22.500001 -1 255 255 1 298.500000 126.000000 0 2 1 0 1 1 -10.000000 0.000000 -20.000000 1.000000 255 255 255 LayerPertama
td_0_bar_data=100.000000 0 
td_1_string=_
td_1_data=314.000000 127.000000 1 0 1 0 0.600000 21.150022 -1 255 -2016478465 1 298.500000 116.500000 0 2 1 0 1 1 -10.000000 0.000000 -20.000000 1.000000 255 255 255 LayerKedua
td_1_bar_data=100.000000 0 
td_2_string=ATM
td_2_data=257.000000 126.000000 1 0 1 0 0.245831 1.299998 -1 255 50 0 400.000000 17.000000 0 1 1 0 1 1 -10.000000 0.000000 -20.000000 1.000000 255 255 50 ATMVisual
td_2_bar_data=100.000000 0 
td_3_string=WITHDRAW
td_3_data=314.000000 194.000000 2 0 1 0 0.258332 1.750000 -1 255 200 1 16.500000 90.500000 1 2 1 0 1 1 -10.000000 0.000000 -20.000000 1.000000 255 255 200 WithdrawButton
td_3_bar_data=100.000000 0 
td_4_string=TRANSFER
td_4_data=314.000000 226.000000 2 0 1 0 0.258332 1.750000 -1 255 200 1 16.500000 90.500000 1 2 1 0 1 1 -10.000000 0.000000 -20.000000 1.000000 255 255 200 TransferButton
td_4_bar_data=100.000000 0 
td_5_string=PAYCHECK
td_5_data=314.000000 291.000000 2 0 1 0 0.258332 1.750000 -1 255 200 1 16.500000 90.500000 1 2 1 0 1 1 -10.000000 0.000000 -20.000000 1.000000 255 255 200 PaycheckButton
td_5_bar_data=100.000000 0 
td_6_string=Account Balance :
td_6_data=269.000000 155.000000 1 0 1 0 0.216664 1.399999 -1 255 50 0 400.000000 17.000000 0 1 1 0 1 1 -10.000000 0.000000 -20.000000 1.000000 255 255 50 AccountBalanceVisual
td_6_bar_data=100.000000 0 
td_7_string=SALARY
td_7_data=314.000000 258.000000 2 0 1 0 0.258332 1.750000 -1 255 200 1 16.500000 90.500000 1 2 1 0 1 1 -10.000000 0.000000 -20.000000 1.000000 255 255 200 SalaryButton
td_7_bar_data=100.000000 0 
td_8_string=$100,000,000
td_8_data=304.000000 173.000000 1 0 1 0 0.216664 1.399999 9109759 255 50 0 400.000000 17.000000 0 1 1 0 1 1 -10.000000 0.000000 -20.000000 1.000000 255 255 50 BankMoneyVisual
td_8_bar_data=100.000000 0 
td_9_string=X
td_9_data=367.000000 128.000000 2 0 1 0 0.258332 0.800000 -1 255 -16776961 1 16.500000 8.500000 1 2 1 0 1 1 -10.000000 0.000000 -20.000000 1.000000 255 255 255 ATMCloseButton
td_9_bar_data=100.000000 0 
