td_0_string=100.00%
td_0_data=430.000000 433.000000 1 0 0 0 0.133330 0.599995 -1 255 50 0 400.000000 17.000000 0 1 1 0 1 1 -10.000000 0.000000 -20.000000 1.000000 255 255 50 BatteryIndicatorMinimize
td_0_bar_data=100.000000 0 
td_1_string=100.00%
td_1_data=429.000000 287.000000 1 0 0 0 0.133330 0.599995 -1 255 50 0 400.000000 17.000000 0 1 1 0 1 1 -10.000000 0.000000 -20.000000 1.000000 255 255 50 BatteryIndicatorMaximize
td_1_bar_data=100.000000 0 
