td_0_string=PlayerProgressBar
td_0_data=270.000000 386.000000 6 1 1 0 0.600000 2.000000 -1 255 50 1 129.500000 9.500000 0 1 1 0 1 1 -10.000000 0.000000 -20.000000 1.000000 255 255 50 FishingProgressBar
td_0_bar_data=20.000000 0 
td_1_string=Fishing Power
td_1_data=268.000000 371.000000 1 0 1 0 0.341666 1.299999 -1 255 50 0 400.000000 17.000000 0 1 1 0 1 1 -10.000000 0.000000 -20.000000 1.000000 255 255 50 FishingPowerText
td_1_bar_data=100.000000 0 
