td_0_string=_
td_0_data=184.000000 285.000000 0 0 0 0 0.600000 17.600000 -1 255 255 1 298.500000 75.000000 0 2 1 0 1 1 -10.000000 0.000000 -20.000000 1.000000 255 255 255 BOX1
td_0_bar_data=100.000000 0 
td_1_string=_
td_1_data=184.000000 289.000000 1 0 1 0 0.600000 16.700016 -1 255 -1 1 298.500000 68.000000 0 2 1 0 1 1 -10.000000 0.000000 -20.000000 1.000000 255 255 255 BOX2
td_1_bar_data=100.000000 0 
td_2_string=ld_dual:backgnd
td_2_data=148.000000 287.000000 4 0 1 0 0.600000 2.000000 -1 255 50 1 72.000000 154.000000 0 1 1 0 1 1 -10.000000 0.000000 -20.000000 1.000000 255 255 50 ScreenBG
td_2_bar_data=100.000000 0 
td_3_string=_
td_3_data=184.000000 428.000000 1 0 1 0 0.600000 1.499994 -1 255 255 1 298.500000 75.000000 0 2 1 0 1 1 -10.000000 0.000000 -20.000000 1.000000 255 255 255 BOX3
td_3_bar_data=100.000000 0 
td_4_string=ld_beat:cring
td_4_data=176.000000 426.000000 4 0 1 0 0.600000 2.000000 -1 255 50 1 17.000000 17.000000 1 1 1 0 1 1 -10.000000 0.000000 -20.000000 1.000000 255 255 50 MidButton
td_4_bar_data=100.000000 0 
td_5_string=Incoming Call
td_5_data=155.000000 363.000000 1 0 1 0 0.258332 1.450000 -1 255 50 0 400.000000 17.000000 0 1 1 0 1 1 -10.000000 0.000000 -20.000000 1.000000 255 255 50 IncomingCall
td_5_bar_data=100.000000 0 
td_6_string=HUD:radar_light
td_6_data=148.000000 426.000000 4 0 1 0 0.600000 2.000000 16711935 255 50 1 16.500000 18.000000 1 1 1 0 1 1 -10.000000 0.000000 -20.000000 1.000000 255 255 50 AcceptCall
td_6_bar_data=100.000000 0 
td_7_string=HUD:radar_light
td_7_data=204.000000 426.000000 4 0 1 0 0.600000 2.000000 -16776961 255 50 1 16.500000 18.000000 1 1 1 0 1 1 -10.000000 0.000000 -20.000000 1.000000 255 255 50 DeniedCall
td_7_bar_data=100.000000 0 
td_8_string=_
td_8_data=184.000000 288.000000 1 0 1 0 0.600000 0.399998 -1 255 135 1 298.500000 75.000000 0 2 1 0 1 1 -10.000000 0.000000 -20.000000 1.000000 255 255 135 
td_8_bar_data=100.000000 0 
td_9_string=_
td_9_data=214.000000 290.000000 0 0 1 0 0.600000 -0.049998 -1 255 -1 1 298.500000 -11.500000 0 2 1 0 1 1 -10.000000 0.000000 -20.000000 1.000000 255 255 255 BatteryTD
td_9_bar_data=100.000000 0 
td_10_string=No Card
td_10_data=149.000000 287.500000 1 0 1 0 0.100000 0.549996 -1 255 50 0 400.000000 17.000000 0 1 1 0 1 1 -10.000000 0.000000 -20.000000 1.000000 255 255 50 PhoneNumber
td_10_bar_data=100.000000 0 
td_11_string=100
td_11_data=211.000000 287.799987 1 0 0 0 0.087499 0.399996 255 255 50 0 400.000000 17.000000 0 1 1 0 1 1 -10.000000 0.000000 -20.000000 1.000000 255 255 50 Battery
td_11_bar_data=100.000000 0 
