td_0_string=Preview_Model
td_0_data=250.000000 150.000000 5 1 0 0 0.600000 2.000000 -1 125 255 0 112.500000 150.000000 0 1 1 330 1 1 -15.000000 1.000000 -92.000000 1.000000 255 125 255 
td_0_bar_data=100.000000 0 
