td_0_string=_
td_0_data=326.000000 95.000000 1 0 1 0 0.600000 30.699966 -1 255 255 1 298.500000 343.500000 0 2 1 0 1 1 -10.000000 0.000000 -20.000000 1.000000 255 255 255 BlackBackground
td_0_bar_data=100.000000 0 
td_1_string=_
td_1_data=326.000000 113.000000 1 0 1 0 0.600000 28.300003 -1 255 -1 1 298.500000 335.000000 0 2 1 0 1 1 -10.000000 0.000000 -20.000000 1.000000 255 255 255 WhiteBackground
td_1_bar_data=100.000000 0 
td_2_string=WARRANTS
td_2_data=188.000000 178.000000 1 0 0 0 0.237498 1.199996 -1 255 200 1 16.500000 55.500000 1 2 1 0 1 1 -10.000000 0.000000 -20.000000 1.000000 255 255 200 WarrantsButton
td_2_bar_data=100.000000 0 
td_3_string=HUD:radar_gangn
td_3_data=256.000000 95.000000 4 0 1 0 0.600000 2.000000 -1 255 50 1 13.500000 13.000000 0 1 1 0 1 1 -10.000000 0.000000 -20.000000 1.000000 255 255 50 MDCIcon
td_3_bar_data=100.000000 0 
td_4_string=Mobile Digital Computer
td_4_data=271.000000 97.000000 1 0 1 0 0.262499 1.049998 -1 255 50 0 475.500000 17.000000 0 1 1 0 1 1 -10.000000 0.000000 -20.000000 1.000000 255 255 50 MDCTittle
td_4_bar_data=100.000000 0 
td_5_string=X
td_5_data=489.000000 97.000000 2 0 1 0 0.258332 1.149999 -1 255 -16776961 1 16.500000 9.000000 1 2 1 0 1 1 -10.000000 0.000000 -20.000000 1.000000 255 255 255 MDCCloseButton
td_5_bar_data=100.000000 0 
td_6_string=MAIN SCREEN
td_6_data=188.000000 116.000000 1 0 0 0 0.191666 1.200000 -1 255 200 1 16.500000 55.500000 1 2 1 0 1 1 -10.000000 0.000000 -20.000000 1.000000 255 255 200 MainscreenButton
td_6_bar_data=100.000000 0 
td_7_string=LOOK UP
td_7_data=188.000000 135.000000 1 0 0 0 0.191666 1.200000 -1 255 200 1 16.500000 55.500000 1 2 1 0 1 1 -10.000000 0.000000 -20.000000 1.000000 255 255 200 LookupButton
td_7_bar_data=100.000000 0 
td_8_string=PLACE CHARGES
td_8_data=188.000000 198.000000 1 0 0 0 0.187497 1.250000 -1 255 200 1 16.500000 55.500000 1 2 1 0 1 1 -10.000000 0.000000 -20.000000 1.000000 255 255 200 PlaceChargeButton
td_8_bar_data=100.000000 0 
td_9_string=CALL SIGN
td_9_data=188.000000 241.000000 1 0 0 0 0.274998 1.250000 -1 255 200 1 16.500000 55.500000 1 2 1 0 1 1 -10.000000 0.000000 -20.000000 1.000000 255 255 200 CallSignButton
td_9_bar_data=100.000000 0 
td_10_string=PHONE TRACE
td_10_data=188.000000 220.000000 1 0 0 0 0.204162 1.250000 -1 255 200 1 16.500000 55.500000 1 2 1 0 1 1 -10.000000 0.000000 -20.000000 1.000000 255 255 200 PhoneTraceButton
td_10_bar_data=100.000000 0 
td_11_string=Preview_Model
td_11_data=227.000000 117.000000 5 0 0 0 0.600000 2.000000 -1 0 255 0 256.000000 208.000000 0 1 1 280 1 1 -10.000000 0.000000 -3.000000 0.899999 255 0 255 PlayerSkin
td_11_bar_data=100.000000 0 
td_12_string=_
td_12_data=220.000000 117.000000 1 0 1 0 0.600000 27.700016 -1 255 1296911871 1 298.500000 -0.500000 0 2 1 0 1 1 -10.000000 0.000000 -20.000000 1.000000 255 255 255 MiddleBar
td_12_bar_data=100.000000 0 
td_13_string=_
td_13_data=359.000000 169.000000 1 0 1 0 0.600000 21.350002 -1 255 -1 1 298.500000 249.500000 0 2 1 0 1 1 -10.000000 0.000000 -20.000000 1.000000 255 255 255 ScreenLayer
td_13_bar_data=100.000000 0 
td_14_string=Chief Of Police - 0000014045
td_14_data=360.000000 190.000000 1 0 1 0 0.341666 1.149999 -1 255 50 1 400.000000 227.500000 0 2 1 0 1 1 -10.000000 0.000000 -20.000000 1.000000 255 255 50 FactionRankName
td_14_bar_data=100.000000 0 
td_15_string=Revelt DeOrtiz
td_15_data=360.000000 173.000000 1 0 1 0 0.341666 1.149999 -1 255 50 1 400.000000 179.500000 0 2 1 0 1 1 -10.000000 0.000000 -20.000000 1.000000 255 255 50 PlayerName
td_15_bar_data=100.000000 0 
td_16_string=CCTV
td_16_data=188.000000 262.000000 1 0 0 0 0.274998 1.250000 -1 255 200 1 16.500000 55.500000 1 2 1 0 1 1 -10.000000 0.000000 -20.000000 1.000000 255 255 200 CCTVButton
td_16_bar_data=100.000000 0 
