td_0_string=_
td_0_data=447.000000 426.000000 1 0 1 0 0.600000 1.999994 -1 255 1296911751 1 298.500000 91.000000 0 2 1 0 1 1 -10.000000 0.000000 -20.000000 1.000000 255 255 135 
td_0_bar_data=100.000000 0 
td_1_string=PlayerProgressBar
td_1_data=403.000000 438.000000 6 1 1 0 0.600000 2.000000 -16776972 255 50 1 79.000000 4.000000 0 1 1 0 1 1 -10.000000 0.000000 -20.000000 1.000000 244 255 50 
td_1_bar_data=100.000000 0 
td_2_string=HUD:radar_girlfriend
td_2_data=481.000000 432.000000 4 0 1 0 0.600000 2.000000 -1 255 50 1 11.500000 12.000000 0 1 1 0 1 1 -10.000000 0.000000 -20.000000 1.000000 255 255 50 
td_2_bar_data=100.000000 0 
td_3_string=Relationship:
td_3_data=402.000000 427.000000 1 0 1 0 0.170833 0.899999 852308735 255 50 0 400.000000 17.000000 0 1 1 0 1 1 -10.000000 0.000000 -20.000000 1.000000 255 255 50 
td_3_bar_data=100.000000 0 
td_4_string=Single
td_4_data=441.000000 428.000000 1 0 1 0 0.208333 0.750000 -1 255 50 0 400.000000 17.000000 0 1 1 0 1 1 -10.000000 0.000000 -20.000000 1.000000 255 255 50 
td_4_bar_data=100.000000 0 
