td_0_string=X: 1.00
td_0_data=197.000000 225.000000 2 0 1 0 0.341666 2.099997 -1 255 50 0 368.500000 17.000000 0 1 1 0 1 1 -10.000000 0.000000 -20.000000 1.000000 255 255 50 
td_0_bar_data=100.000000 0 
td_1_string=Y: 1.00
td_1_data=197.000000 241.000000 2 0 1 0 0.341666 2.099997 -1 255 50 0 368.500000 17.000000 0 1 1 0 1 1 -10.000000 0.000000 -20.000000 1.000000 255 255 50 
td_1_bar_data=100.000000 0 
td_2_string=Z1: 1.00
td_2_data=192.000000 257.000000 2 0 1 0 0.341666 2.099997 -1 255 50 0 368.500000 17.000000 0 1 1 0 1 1 -10.000000 0.000000 -20.000000 1.000000 255 255 50 
td_2_bar_data=100.000000 0 
td_3_string=Z2: 1.00
td_3_data=188.000000 273.000000 2 0 1 0 0.341666 2.099997 -1 255 50 0 368.500000 17.000000 0 1 1 0 1 1 -10.000000 0.000000 -20.000000 1.000000 255 255 50 
td_3_bar_data=100.000000 0 
