td_0_string=T
td_0_data=482.000000 186.000000 2 0 0 0 7.716651 77.649993 105 255 50 0 400.000000 17.000000 0 1 1 0 1 1 -10.000000 0.000000 -20.000000 1.000000 105 255 50 
td_0_bar_data=100.000000 0 
td_1_string=PlayerProgressBar
td_1_data=560.000000 408.500000 6 1 1 0 0.600000 2.000000 852308650 255 50 1 51.000000 4.000000 0 1 1 0 1 1 -10.000000 0.000000 -20.000000 1.000000 170 255 50 
td_1_bar_data=100.000000 0 
td_2_string=PlayerProgressBar
td_2_data=560.000000 422.000000 6 1 1 0 0.600000 2.000000 852308650 255 50 1 51.000000 4.000000 0 1 1 0 1 1 -10.000000 0.000000 -20.000000 1.000000 170 255 50 
td_2_bar_data=100.000000 0 
td_3_string=PlayerProgressBar
td_3_data=560.000000 436.000000 6 1 1 0 0.600000 2.000000 852308650 255 50 1 51.000000 4.000000 0 1 1 0 1 1 -10.000000 0.000000 -20.000000 1.000000 170 255 50 
td_3_bar_data=100.000000 0 
