td_0_string=_
td_0_data=435.000000 309.000000 1 0 1 0 0.600000 15.050002 -1 255 255 1 298.500000 82.000000 0 2 1 0 1 1 -10.000000 0.000000 -20.000000 1.000000 255 255 255 
td_0_bar_data=100.000000 0 
td_1_string=ld_grav:sky
td_1_data=396.000000 311.000000 4 0 1 0 0.600000 2.000000 -1 255 50 1 78.000000 127.500000 0 1 1 0 1 1 -10.000000 0.000000 -20.000000 1.000000 255 255 50 
td_1_bar_data=100.000000 0 
td_2_string=_
td_2_data=435.000000 432.000000 1 0 1 0 0.600000 1.399999 -1 255 255 1 298.500000 82.000000 0 2 1 0 1 1 -10.000000 0.000000 -20.000000 1.000000 255 255 255 
td_2_bar_data=100.000000 0 
td_3_string=HUD:radar_light
td_3_data=390.000000 437.000000 4 0 1 0 0.600000 2.000000 9109759 255 50 1 37.500000 4.500000 1 1 1 0 1 1 -10.000000 0.000000 -20.000000 1.000000 255 255 50 
td_3_bar_data=100.000000 0 
td_4_string=HUD:radar_light
td_4_data=444.000000 437.000000 4 0 1 0 0.600000 2.000000 -1962934017 255 50 1 37.500000 4.500000 1 1 1 0 1 1 -10.000000 0.000000 -20.000000 1.000000 255 255 50 
td_4_bar_data=100.000000 0 
td_5_string=ld_beat:cring
td_5_data=427.000000 433.000000 4 0 1 0 0.600000 2.000000 -1 255 50 1 19.000000 11.000000 1 1 1 0 1 1 -10.000000 0.000000 -20.000000 1.000000 255 255 50 
td_5_bar_data=100.000000 0 
td_6_string=_
td_6_data=435.000000 312.000000 1 0 1 0 0.600000 0.649999 -1 255 134 1 298.500000 82.000000 0 2 1 0 1 1 -10.000000 0.000000 -20.000000 1.000000 255 255 134 
td_6_bar_data=100.000000 0 
td_7_string=PlayerProgressBar
td_7_data=474.000000 314.000000 6 1 1 0 0.600000 2.000000 -1 255 50 1 11.500000 2.000000 0 1 1 0 1 1 -10.000000 0.000000 -20.000000 1.000000 255 255 50 
td_7_bar_data=100.000000 1 
td_8_string=#14045
td_8_data=398.000000 312.000000 1 0 1 0 0.137500 0.699998 -1 255 50 0 400.000000 17.000000 0 1 1 0 1 1 -10.000000 0.000000 -20.000000 1.000000 255 255 50 
td_8_bar_data=100.000000 0 
td_9_string=CONTACTS
td_9_data=412.000000 325.000000 2 0 0 0 0.129166 0.850000 -1 -1 135 1 16.500000 26.500000 1 2 1 0 1 1 -10.000000 0.000000 -20.000000 1.000000 255 255 135 
td_9_bar_data=100.000000 0 
td_10_string=CAR GPS
td_10_data=412.000000 344.000000 2 0 0 0 0.129166 0.850000 -1 -1 135 1 16.500000 26.500000 1 2 1 0 1 1 -10.000000 0.000000 -20.000000 1.000000 255 255 135 
td_10_bar_data=100.000000 0 
td_11_string=MESSAGES
td_11_data=455.000000 325.000000 2 0 0 0 0.129166 0.850000 -1 -1 135 1 16.000000 32.500000 1 2 1 0 1 1 -10.000000 0.000000 -20.000000 1.000000 255 255 135 
td_11_bar_data=100.000000 0 
td_12_string=DIAL-UP
td_12_data=455.000000 344.000000 2 0 0 0 0.129166 0.850000 -1 -1 135 1 16.000000 32.500000 1 2 1 0 1 1 -10.000000 0.000000 -20.000000 1.000000 255 255 135 
td_12_bar_data=100.000000 0 
td_13_string=MISSED CALL
td_13_data=455.000000 364.000000 2 0 0 0 0.108332 0.949998 -1 -1 135 1 16.500000 32.500000 1 2 1 0 1 1 -10.000000 0.000000 -20.000000 1.000000 255 255 135 
td_13_bar_data=100.000000 0 
td_14_string=RING TONE
td_14_data=455.000000 385.000000 2 0 0 0 0.108332 0.949998 -1 -1 135 1 16.500000 32.500000 1 2 1 0 1 1 -10.000000 0.000000 -20.000000 1.000000 255 255 135 
td_14_bar_data=100.000000 0 
td_15_string=PHONE OFF
td_15_data=455.000000 408.000000 2 0 0 0 0.108332 0.949998 -1 -1 135 1 16.500000 32.500000 1 2 1 0 1 1 -10.000000 0.000000 -20.000000 1.000000 255 255 135 
td_15_bar_data=100.000000 0 
