td_0_string=_
td_0_data=554.000000 312.000000 1 0 1 0 0.600000 5.249999 -1 255 105 1 298.500000 164.500000 0 2 1 0 1 1 -10.000000 0.000000 -20.000000 1.000000 255 255 105 BG_BOX_0
td_0_bar_data=100.000000 0 
td_1_string=Preview_Model
td_1_data=567.000000 279.000000 5 0 0 0 0.600000 2.000000 -1 0 255 0 80.500000 90.000000 0 1 1 541 1 1 -10.000000 0.000000 -42.000000 1.000000 255 0 255 Gambar_Kendaraan
td_1_bar_data=100.000000 0 
td_2_string=-
td_2_data=475.000000 323.000000 3 0 1 0 6.970827 0.549996 -1 255 50 0 400.000000 17.000000 0 1 1 0 1 1 -10.000000 0.000000 -20.000000 1.000000 255 255 50 Garis_0
td_2_bar_data=100.000000 0 
td_3_string=Bullet
td_3_data=509.000000 312.000000 0 0 1 0 0.425000 1.200000 -1 255 50 0 400.000000 17.000000 0 1 1 0 1 1 -10.000000 0.000000 -20.000000 1.000000 255 255 50 Vehiclename
td_3_bar_data=100.000000 0 
td_4_string=TRANSMISSION
td_4_data=474.000000 349.000000 2 0 0 0 0.125000 0.750000 -1 255 50 0 400.000000 17.000000 0 1 1 0 1 1 -10.000000 0.000000 -20.000000 1.000000 255 255 50 
td_4_bar_data=100.000000 0 
td_5_string=FUEL
td_5_data=474.000000 339.500000 2 0 0 0 0.125000 0.750000 -1 255 50 0 400.000000 17.000000 0 1 1 0 1 1 -10.000000 0.000000 -20.000000 1.000000 255 255 50 
td_5_bar_data=100.000000 0 
td_6_string=DAMAGE
td_6_data=474.000000 330.000000 2 0 0 0 0.125000 0.750000 -1 255 50 0 400.000000 17.000000 0 1 1 0 1 1 -10.000000 0.000000 -20.000000 1.000000 255 255 50 
td_6_bar_data=100.000000 0 
td_7_string=:
td_7_data=513.000000 330.000000 2 0 0 0 0.125000 0.750000 -1 255 50 0 400.000000 17.000000 0 1 1 0 1 1 -10.000000 0.000000 -20.000000 1.000000 255 255 50 
td_7_bar_data=100.000000 0 
td_8_string=:
td_8_data=513.000000 339.500000 2 0 0 0 0.125000 0.750000 -1 255 50 0 400.000000 17.000000 0 1 1 0 1 1 -10.000000 0.000000 -20.000000 1.000000 255 255 50 
td_8_bar_data=100.000000 0 
td_9_string=:
td_9_data=513.000000 349.000000 2 0 0 0 0.125000 0.750000 -1 255 50 0 400.000000 17.000000 0 1 1 0 1 1 -10.000000 0.000000 -20.000000 1.000000 255 255 50 
td_9_bar_data=100.000000 0 
td_10_string=1000/1000
td_10_data=517.000000 330.000000 2 0 0 0 0.125000 0.750000 16711935 255 50 0 400.000000 17.000000 0 1 1 0 1 1 -10.000000 0.000000 -20.000000 1.000000 255 255 50 
td_10_bar_data=100.000000 0 
td_11_string=100%
td_11_data=517.000000 339.500000 2 0 0 0 0.125000 0.750000 16711935 255 50 0 400.000000 17.000000 0 1 1 0 1 1 -10.000000 0.000000 -20.000000 1.000000 255 255 50 
td_11_bar_data=100.000000 0 
td_12_string=R N D
td_12_data=517.000000 349.000000 2 0 0 0 0.125000 0.750000 -1 255 50 0 530.000000 17.000000 0 1 1 0 1 1 -10.000000 0.000000 -20.000000 1.000000 255 255 50 
td_12_bar_data=100.000000 0 
td_13_string=125
td_13_data=557.000000 342.500000 2 0 1 0 0.375000 1.849997 -1 255 50 0 400.000000 17.000000 0 1 1 0 1 1 -10.000000 0.000000 -20.000000 1.000000 255 255 50 
td_13_bar_data=100.000000 0 
td_14_string=KM/H
td_14_data=588.000000 342.500000 2 0 1 0 0.375000 1.849997 -1 255 50 0 400.000000 17.000000 0 1 1 0 1 1 -10.000000 0.000000 -20.000000 1.000000 255 255 50 
td_14_bar_data=100.000000 0 
