td_0_string=__
td_0_data=570.000000 335.000000 1 0 1 0 0.600000 7.149991 -1 255 135 1 298.500000 139.500000 0 2 1 0 1 1 -10.000000 0.000000 -20.000000 1.000000 255 255 135 Main_Box
td_0_bar_data=100.000000 0 
td_1_string=Vehicle Name
td_1_data=570.000000 321.000000 2 0 0 0 0.183329 1.149999 -126 255 128 1 405.000000 139.500000 0 2 1 0 1 1 -10.000000 0.000000 -20.000000 1.000000 130 255 128 Vehicle_Name
td_1_bar_data=100.000000 0 
td_2_string=SPEED
td_2_data=503.000000 335.000000 2 0 0 0 0.150000 1.000000 11150847 255 50 0 773.000000 20.500000 0 1 1 0 1 1 -10.000000 0.000000 -20.000000 1.000000 255 255 50 Speed_Label
td_2_bar_data=100.000000 0 
td_3_string=TextDraw
td_3_data=597.000000 319.000000 5 0 1 0 0.600000 2.000000 -1 0 0 1 44.000000 54.000000 0 1 1 400 1 1 -8.000000 3.000000 -47.000000 0.799996 255 0 0 Model_Preview
td_3_bar_data=100.000000 0 
td_4_string=TRANSMISSION
td_4_data=503.000000 345.000000 2 0 0 0 0.150000 1.000000 11150847 255 50 0 773.000000 20.500000 0 1 1 0 1 1 -10.000000 0.000000 -20.000000 1.000000 255 255 50 Transmission_Label
td_4_bar_data=100.000000 0 
td_5_string=DAMAGE
td_5_data=503.000000 355.000000 2 0 0 0 0.150000 1.000000 11150847 255 50 0 773.000000 20.500000 0 1 1 0 1 1 -10.000000 0.000000 -20.000000 1.000000 255 255 50 Damage_Label
td_5_bar_data=100.000000 0 
td_6_string=:
td_6_data=550.000000 334.000000 2 0 0 0 0.150000 1.000000 11150847 255 50 0 773.000000 20.500000 0 1 1 0 1 1 -10.000000 0.000000 -20.000000 1.000000 255 255 50 Speed_Separator
td_6_bar_data=100.000000 0 
td_7_string=:
td_7_data=550.000000 344.000000 2 0 0 0 0.150000 1.000000 11150847 255 50 0 773.000000 20.500000 0 1 1 0 1 1 -10.000000 0.000000 -20.000000 1.000000 255 255 50 Transmission_Separator
td_7_bar_data=100.000000 0 
td_8_string=:
td_8_data=550.000000 354.000000 2 0 0 0 0.150000 1.000000 11150847 255 50 0 773.000000 20.500000 0 1 1 0 1 1 -10.000000 0.000000 -20.000000 1.000000 255 255 50 Damage_Separator
td_8_bar_data=100.000000 0 
td_9_string=999 KMH
td_9_data=557.000000 334.000000 2 0 0 0 0.150000 1.000000 -1 255 50 0 773.000000 20.500000 0 1 1 0 1 1 -10.000000 0.000000 -20.000000 1.000000 255 255 50 Speed_Value
td_9_bar_data=100.000000 0 
td_10_string=MILEAGE
td_10_data=503.000000 365.000000 2 0 0 0 0.150000 1.000000 11150847 255 50 0 773.000000 20.500000 0 1 1 0 1 1 -10.000000 0.000000 -20.000000 1.000000 255 255 50 Mileage_Label
td_10_bar_data=100.000000 0 
td_11_string=FUEL
td_11_data=503.000000 375.000000 2 0 0 0 0.150000 1.000000 11150847 255 50 0 773.000000 20.500000 0 1 1 0 1 1 -10.000000 0.000000 -20.000000 1.000000 255 255 50 Fuel_Label
td_11_bar_data=100.000000 0 
td_12_string=:
td_12_data=550.000000 364.000000 2 0 0 0 0.150000 1.000000 11150847 255 50 0 773.000000 20.500000 0 1 1 0 1 1 -10.000000 0.000000 -20.000000 1.000000 255 255 50 Mileage_Separator
td_12_bar_data=100.000000 0 
td_13_string=~r~R ~r~~h~~h~R ~b~N ~b~~h~~h~N ~g~D ~g~~h~~h~D
td_13_data=557.000000 344.000000 2 0 1 0 0.150000 1.000000 852308735 255 50 0 773.000000 20.500000 0 1 1 0 1 1 -10.000000 0.000000 -20.000000 1.000000 255 255 50 Transmission_Value
td_13_bar_data=100.000000 0 
td_14_string=9999 / 9999
td_14_data=557.000000 354.000000 2 0 0 0 0.150000 1.000000 -1 255 50 0 773.000000 20.500000 0 1 1 0 1 1 -10.000000 0.000000 -20.000000 1.000000 255 255 50 Damage_Value
td_14_bar_data=100.000000 0 
td_15_string=99.999 / 99.999
td_15_data=557.000000 364.000000 2 0 0 0 0.150000 1.000000 -1 255 50 0 773.000000 20.500000 0 1 1 0 1 1 -10.000000 0.000000 -20.000000 1.000000 255 255 50 Mileage_Value
td_15_bar_data=100.000000 0 
td_16_string=PlayerProgressBar
td_16_data=503.000000 390.000000 6 1 1 0 0.600000 2.000000 11150847 255 50 1 137.500000 5.500000 0 1 1 0 1 1 -10.000000 0.000000 -20.000000 1.000000 255 255 50 Fuel_Bar
td_16_bar_data=100.000000 0 
