td_0_string=_
td_0_data=320.000000 1.000000 1 0 1 0 0.600000 2.950001 -1 255 255 1 298.500000 640.000000 0 2 1 0 1 1 -10.000000 0.000000 -20.000000 1.000000 255 255 255 BlackBarTOP
td_0_bar_data=100.000000 0 
td_1_string=_
td_1_data=320.000000 420.000000 1 0 1 0 0.600000 2.950001 -1 255 255 1 298.500000 640.000000 0 2 1 0 1 1 -10.000000 0.000000 -20.000000 1.000000 255 255 255 BlackBarBOT
td_1_bar_data=100.000000 0 
td_2_string=Los Santos Network
td_2_data=275.000000 8.000000 1 0 1 0 0.270832 1.649999 -1 255 50 0 417.000000 -13.000000 0 1 1 0 1 1 -10.000000 0.000000 -20.000000 1.000000 255 255 50 LSNText
td_2_bar_data=100.000000 0 
td_3_string=HUD:radar_light
td_3_data=11.000000 423.000000 4 0 1 0 0.600000 2.000000 -16776961 255 50 1 23.500000 24.500000 0 1 1 0 1 1 -10.000000 0.000000 -20.000000 1.000000 255 255 50 LiveICON
td_3_bar_data=100.000000 0 
td_4_string=LEAVE STREAM
td_4_data=536.000000 424.000000 1 0 1 0 0.337500 2.099997 -1 255 50 0 646.000000 22.000000 1 1 1 0 1 1 -10.000000 0.000000 -20.000000 1.000000 255 255 50 LeaveStreamButton
td_4_bar_data=100.000000 0 
td_5_string=LIVE
td_5_data=52.000000 422.000000 1 0 1 0 0.574998 2.500000 -1 255 50 0 400.000000 17.000000 0 2 1 0 1 1 -10.000000 0.000000 -20.000000 1.000000 255 255 50 LiveText
td_5_bar_data=100.000000 0 
td_6_string=VIEWERS:
td_6_data=585.000000 10.000000 1 0 1 0 0.254164 1.250000 -1 255 50 0 400.000000 17.000000 0 2 1 0 1 1 -10.000000 0.000000 -20.000000 1.000000 255 255 50 ViewersText
td_6_bar_data=100.000000 0 
td_7_string=10
td_7_data=606.000000 10.000000 1 0 1 0 0.350000 1.150000 -1 255 50 0 400.000000 17.000000 0 1 1 0 1 1 -10.000000 0.000000 -20.000000 1.000000 255 255 50 TotalViewers
td_7_bar_data=100.000000 0 
