td_0_string=_
td_0_data=556.000000 120.000000 1 0 1 0 0.600000 3.649989 -1 255 65405 1 298.500000 114.000000 0 2 1 0 1 1 -10.000000 0.000000 -20.000000 1.000000 255 255 125 
td_0_bar_data=100.000000 0 
td_1_string=Storage
td_1_data=529.000000 111.000000 3 0 1 0 0.350000 1.500000 -65281 255 50 0 400.000000 17.000000 0 1 1 0 1 1 -10.000000 0.000000 -20.000000 1.000000 255 255 50 
td_1_bar_data=100.000000 0 
td_2_string=100
td_2_data=504.000000 130.000000 3 0 1 0 0.391666 1.400000 9109759 255 50 0 400.000000 17.000000 0 1 1 0 1 1 -10.000000 0.000000 -20.000000 1.000000 255 255 50 
td_2_bar_data=100.000000 0 
td_3_string=Stack of Woods
td_3_data=534.000000 131.000000 3 0 1 0 0.262499 1.350000 -16776961 255 -16777166 0 640.000000 17.000000 0 1 1 0 1 1 -10.000000 0.000000 -20.000000 1.000000 255 255 50 
td_3_bar_data=100.000000 0 
